9 1 2 0 4 0 6 7 8
3 4 5 6 0 0 0 2 9
0 7 0 0 2 0 0 4 0
0 0 0 4 0 0 8 9 0
4 5 0 8 0 0 2 1 0
0 8 0 2 1 3 0 0 0
2 3 7 0 0 0 9 8 0
5 6 0 0 8 0 0 3 2
8 0 4 7 3 2 5 6 1

0 0 0 3 4 0 6 0 0
3 0 5 6 0 8 0 0 0
0 0 0 1 2 0 0 0 0
1 2 0 0 0 6 8 0 0
4 0 0 8 0 7 2 0 3
7 8 9 0 0 3 4 0 6
0 0 0 0 6 4 0 0 0
0 0 0 0 0 2 0 0 0
0 9 0 7 3 0 0 6 0

9 1 0 0 4 5 0 7 8
0 4 5 0 0 8 1 0 9
0 7 0 0 2 0 3 4 0
0 2 0 4 5 0 0 9 0
0 0 0 8 9 0 0 0 0
7 0 0 2 1 3 4 5 6
0 3 7 0 0 0 9 0 0
5 6 0 0 0 0 7 0 2
0 9 4 0 6 0 5 3 0

9 0 0 3 4 5 0 7 8
0 0 0 6 7 8 1 0 0
0 0 8 0 2 0 0 0 5
1 2 0 4 0 0 0 0 7
4 0 0 8 0 7 2 1 3
7 0 9 0 0 3 0 5 6
2 3 7 0 8 0 9 0 1
0 0 0 9 0 0 0 0 0
0 0 0 7 6 1 0 0 2

0 0 2 3 0 0 6 0 0
3 0 5 0 7 8 0 0 0
6 0 0 1 2 9 0 0 0
0 0 3 0 0 0 8 0 7
0 5 6 8 0 7 0 0 3
7 8 9 2 0 0 4 5 6
0 0 0 0 0 1 0 0 0
0 0 0 7 0 4 0 0 2
8 0 0 5 3 2 0 0 0

0 0 0 3 4 5 0 7 0
0 0 5 0 7 8 1 0 0
0 0 8 0 2 0 0 0 5
1 0 0 0 0 0 8 9 7
4 0 6 0 9 0 2 1 0
0 8 9 0 0 0 4 5 0
0 3 0 9 0 4 5 0 1
5 0 0 7 0 2 9 0 0
0 9 4 5 3 0 0 6 0

9 1 0 3 0 0 6 0 8
0 4 0 6 0 0 0 2 9
0 7 8 0 0 0 3 0 0
0 0 0 0 5 0 0 0 0
0 5 6 8 9 7 0 1 0
0 0 0 0 0 3 0 0 0
2 0 7 0 0 0 5 0 4
5 6 1 0 3 0 0 8 0
8 9 0 0 0 0 7 3 0

9 0 0 3 4 0 6 0 0
0 0 0 6 7 8 0 2 0
0 0 0 1 0 9 3 0 0
0 2 0 0 0 0 0 0 7
4 5 6 8 0 0 0 1 3
7 8 9 0 0 3 0 5 6
2 0 0 9 8 4 0 0 1
5 0 0 0 3 2 0 0 0
8 0 0 5 6 0 7 0 2

9 0 2 3 4 5 0 0 0
3 0 0 6 0 8 1 0 0
0 0 8 0 0 9 3 0 5
1 0 3 0 0 6 8 9 7
4 0 6 8 0 0 2 1 0
7 8 0 0 0 3 4 0 6
2 0 0 0 0 1 9 0 0
5 0 0 9 8 0 7 0 0
8 0 0 0 3 4 0 0 2

0 1 2 3 0 0 0 0 8
3 0 5 6 0 0 0 0 9
6 7 0 0 0 0 3 4 5
0 0 0 4 5 6 0 0 0
0 0 6 8 9 7 2 1 0
0 8 0 0 0 3 4 5 0
2 0 7 0 6 0 9 0 1
0 6 0 0 0 0 0 3 0
0 9 1 0 3 0 0 6 4
