9 1 2 3 4 5 6 7 8
3 4 5 6 7 8 1 2 9
6 7 8 1 2 9 3 4 5
1 2 3 4 5 6 8 9 7
4 5 6 8 9 7 2 1 3
7 8 9 2 1 3 4 5 6
2 3 7 5 6 1 9 8 4
5 6 1 9 8 4 7 3 2
8 9 4 7 3 2 5 6 1

9 1 2 3 4 5 6 7 8
3 4 5 6 7 8 1 2 9
6 7 8 1 2 9 3 4 5
1 2 3 4 5 6 8 9 7
4 5 6 8 9 7 2 1 3
7 8 9 2 1 3 4 5 6
2 3 7 5 6 4 9 8 1
5 6 1 9 8 2 7 3 4
8 9 4 7 3 1 5 6 2

9 1 2 3 4 5 6 7 8
3 4 5 6 7 8 1 2 9
6 7 8 1 2 9 3 4 5
1 2 3 4 5 6 8 9 7
4 5 6 8 9 7 2 1 3
7 8 9 2 1 3 4 5 6
2 3 7 5 8 1 9 6 4
5 6 1 9 3 4 7 8 2
8 9 4 7 6 2 5 3 1

9 1 2 3 4 5 6 7 8
3 4 5 6 7 8 1 2 9
6 7 8 1 2 9 3 4 5
1 2 3 4 5 6 8 9 7
4 5 6 8 9 7 2 1 3
7 8 9 2 1 3 4 5 6
2 3 7 5 8 4 9 6 1
5 6 1 9 3 2 7 8 4
8 9 4 7 6 1 5 3 2

9 1 2 3 4 5 6 7 8
3 4 5 6 7 8 1 2 9
6 7 8 1 2 9 3 4 5
1 2 3 4 5 6 8 9 7
4 5 6 8 9 7 2 1 3
7 8 9 2 1 3 4 5 6
2 3 7 9 6 1 5 8 4
5 6 1 7 8 4 9 3 2
8 9 4 5 3 2 7 6 1

9 1 2 3 4 5 6 7 8
3 4 5 6 7 8 1 2 9
6 7 8 1 2 9 3 4 5
1 2 3 4 5 6 8 9 7
4 5 6 8 9 7 2 1 3
7 8 9 2 1 3 4 5 6
2 3 7 9 6 4 5 8 1
5 6 1 7 8 2 9 3 4
8 9 4 5 3 1 7 6 2

9 1 2 3 4 5 6 7 8
3 4 5 6 7 8 1 2 9
6 7 8 1 2 9 3 4 5
1 2 3 4 5 6 8 9 7
4 5 6 8 9 7 2 1 3
7 8 9 2 1 3 4 5 6
2 3 7 9 8 1 5 6 4
5 6 1 7 3 4 9 8 2
8 9 4 5 6 2 7 3 1

9 1 2 3 4 5 6 7 8
3 4 5 6 7 8 1 2 9
6 7 8 1 2 9 3 4 5
1 2 3 4 5 6 8 9 7
4 5 6 8 9 7 2 1 3
7 8 9 2 1 3 4 5 6
2 3 7 9 8 4 5 6 1
5 6 1 7 3 2 9 8 4
8 9 4 5 6 1 7 3 2

9 1 2 3 4 5 6 7 8
3 4 5 6 7 8 1 2 9
6 7 8 1 2 9 3 4 5
1 2 3 4 5 6 8 9 7
4 5 6 8 9 7 2 1 3
7 8 9 2 1 3 4 5 6
2 3 7 5 6 1 9 8 4
5 6 4 9 8 2 7 3 1
8 9 1 7 3 4 5 6 2

9 1 2 3 4 5 6 7 8
3 4 5 6 7 8 1 2 9
6 7 8 1 2 9 3 4 5
1 2 3 4 5 6 8 9 7
4 5 6 8 9 7 2 1 3
7 8 9 2 1 3 4 5 6
2 3 7 5 6 4 9 8 1
5 6 4 9 8 1 7 3 2
8 9 1 7 3 2 5 6 4
